C	[ 9.11029726e-02  6.73660785e-02 -8.13228190e-02  3.12037114e-02
  2.98427474e-02  2.13703707e-01  9.11087319e-02 -6.23233877e-02
 -5.80689870e-02  3.54339182e-02 -2.21530616e-01 -2.55606370e-03
  4.55828645e-04  7.71528408e-02  6.40155971e-02  7.09865987e-02
 -3.06017473e-02 -2.13404838e-02  4.80481237e-03 -7.63243139e-02
  8.02455023e-02 -1.18607674e-02 -6.33100420e-02 -5.93977831e-02
 -1.01657840e-03  2.42470833e-03 -3.85912247e-02  6.06939010e-02
  4.36570719e-02 -2.84940749e-02 -7.91997015e-02 -3.94085841e-03
 -2.65489705e-03 -6.54089600e-02  6.54186830e-02  1.80417225e-02
  1.58633534e-02  9.91573706e-02 -7.41848201e-02 -5.45967482e-02
  5.84814399e-02  2.20659710e-02 -1.41394266e-04  3.43043506e-02
  1.07916147e-01 -5.36531843e-02 -3.33656184e-02 -2.30867248e-02
  8.70638713e-02  6.84834048e-02 -4.62945998e-02  7.77217224e-02
 -3.73457298e-02 -1.07408710e-01  2.01442748e-01 -8.99573117e-02
  1.67857766e-01 -1.21277355e-01  7.19062537e-02 -1.08055435e-02
  1.23623721e-01 -2.22234502e-01 -8.43332335e-02 -9.17728245e-02
  1.34558201e-01 -7.86143690e-02  1.52241006e-01  1.72464103e-01
 -1.46229848e-01 -6.54568076e-02  1.17198661e-01 -3.53265703e-02
 -1.72122091e-01  2.71275803e-03  6.84945136e-02 -1.63127720e-01
 -2.89883604e-03 -1.51900217e-01  2.02823579e-01  1.70008928e-01
  9.28827748e-02 -1.26100987e-01 -5.42562455e-02  4.13336903e-02
 -4.80800942e-02  7.05243722e-02  5.59012592e-02  4.63440157e-02
  1.23668298e-01 -2.86309537e-03  4.46113609e-02  8.76038373e-02
  5.31705022e-02  6.38380647e-02 -6.95938095e-02  4.02593203e-02
  9.14247334e-02  1.20216683e-01 -3.00547034e-01  7.68827181e-03
  1.41369045e-01  1.91847142e-02 -8.75720158e-02 -8.73014182e-02
 -5.13548367e-02  7.28094876e-02 -3.28215323e-02 -4.80241403e-02
 -9.07102451e-02  9.48441699e-02 -5.40249050e-02 -1.66774429e-02
  6.99185655e-02 -1.25311688e-01  1.45930778e-02  1.03699990e-01
 -1.84397418e-02  5.82408644e-02 -2.12759320e-02 -9.33676288e-02
  8.59959722e-02  7.20452145e-02 -2.40339283e-02  1.32425144e-01
 -7.39220437e-03  1.23453595e-01 -1.58046093e-02  1.35182023e-01]		=	[ 2.75678206e-02  9.33167115e-02 -1.31052837e-01  1.06860787e-01
  2.81700213e-02  2.06432208e-01  5.76035380e-02 -8.92997012e-02
 -6.80713430e-02  2.52484251e-02 -2.15533033e-01 -4.88553159e-02
 -2.59814654e-02  3.28573175e-02  3.10799610e-02  7.58212432e-02
 -1.57927871e-02  2.03972697e-04  9.76221077e-03 -1.92226574e-03
  1.07492983e-01  2.68224962e-02 -6.46731034e-02 -5.76160289e-02
 -5.78603484e-02 -7.72881508e-03 -7.81250522e-02  3.15544531e-02
  8.40226933e-03 -3.09267491e-02 -7.93038905e-02 -3.35211586e-03
 -1.11651132e-02 -5.99055141e-02  9.33440551e-02  4.84158769e-02
  5.18723428e-02  8.97808447e-02 -6.21377826e-02 -3.18705738e-02
  4.73175123e-02  1.33613609e-02  2.38363333e-02  3.72006930e-02
  1.22018568e-01 -4.69805188e-02 -4.27518636e-02 -1.56784728e-02
  5.76949641e-02  1.27180248e-01 -9.13246498e-02  1.09970376e-01
  4.23551314e-02 -4.02198508e-02  2.57660389e-01 -4.36672159e-02
  1.42202839e-01 -1.16558306e-01  5.18284366e-02 -9.35079806e-05
  1.31898686e-01 -2.15088606e-01 -4.69336733e-02 -5.37612811e-02
  9.54065546e-02 -2.98426617e-02  8.09383839e-02  1.70981675e-01
 -1.74178004e-01 -4.45983075e-02  1.18771210e-01  2.01695934e-02
 -1.41107753e-01  6.88380655e-03  1.16370715e-01 -1.72198892e-01
  8.41920450e-03 -1.14365458e-01  2.07877502e-01  1.62154481e-01
  1.28979996e-01 -1.49115130e-01 -5.85660385e-03  5.59328832e-02
 -4.54610251e-02  3.54073010e-02  9.28333178e-02  6.33254275e-02
  1.42169461e-01 -2.14807298e-02  7.28662536e-02  6.34906664e-02
  3.00989226e-02  6.30649850e-02 -4.11484651e-02  5.63430749e-02
  4.62800525e-02  8.84218290e-02 -2.74661958e-01 -5.27063152e-03
  1.03887387e-01  1.36775905e-02 -8.62194300e-02 -8.19463059e-02
 -6.11145794e-02  1.09693132e-01 -3.10216714e-02 -2.83076391e-02
 -1.11152239e-01  7.73992091e-02 -6.11994043e-02 -1.07864533e-02
  5.91964312e-02 -8.19069222e-02 -2.37005064e-03  9.08262953e-02
 -6.25783531e-03  6.68713152e-02 -1.09035606e-02 -3.52446437e-02
  9.95761007e-02  5.16139343e-02 -1.02415937e-03  1.25121340e-01
  5.40179536e-02  1.08289227e-01  4.48094904e-02  1.67332426e-01]		(	[ 0.07211099  0.03041875 -0.13260885  0.06220034  0.07292601  0.20616497
  0.11961755 -0.02774431 -0.02597514 -0.01306125 -0.19422072 -0.04433804
 -0.05672752  0.09991505  0.01516478  0.07978584 -0.03839356 -0.02972674
  0.02099214  0.00649768  0.04165484 -0.00594863 -0.05049094 -0.04105465
 -0.0278858   0.04152825 -0.02990695 -0.00855532 -0.01207535  0.02215759
  0.00044274 -0.00960139 -0.01656587 -0.00541128  0.0808676   0.01195702
 -0.00569379  0.09201298 -0.02146202 -0.02064624 -0.04251185  0.0140953
 -0.0166051   0.03605577  0.07048017 -0.03495854  0.05996567 -0.02440492
  0.03008634  0.04977787 -0.04531174  0.07605309 -0.03029023 -0.06107927
  0.14686644 -0.04441328  0.19260257 -0.06201028 -0.00088904 -0.0501285
  0.08460388 -0.17347513  0.02301195 -0.13427626  0.14775395 -0.06469287
  0.2025902   0.17486681  0.00951104 -0.00289931  0.16614334 -0.10767315
 -0.1897334  -0.07146088  0.00672965 -0.10524706  0.01442605 -0.10152055
  0.16658378  0.20470868  0.10298332 -0.08202198  0.02978417  0.02780007
 -0.04031244  0.06463161 -0.02710325  0.00736127 -0.01252386 -0.01628838
  0.07878362  0.07577483  0.00909101  0.05759446  0.02010238  0.0287986
 -0.02564294  0.08563063 -0.22582112  0.01134396  0.11968592 -0.01926065
 -0.0892979  -0.09896005  0.01031419  0.10846262 -0.08149575  0.02155118
 -0.07646707  0.02796048 -0.06122394 -0.03862088  0.01656624 -0.07784092
 -0.00592392  0.07172775 -0.02658307  0.01762436 -0.02462492  0.06342623
  0.06418288  0.02917023 -0.00707473  0.04504394  0.04801008  0.15369518
 -0.08828625  0.24798132]		)	[ 5.98193742e-02  6.64993599e-02 -9.04141068e-02  4.62710038e-02
  5.31291701e-02  2.82410532e-01  6.57720715e-02 -2.96877604e-02
 -4.83168103e-03  1.25531864e-03 -2.51471072e-01 -1.07439794e-01
 -8.24355260e-02  8.94078687e-02  1.10189812e-02  9.08018500e-02
 -2.49521807e-02 -3.43710780e-02 -5.04636653e-02 -2.44415887e-02
  1.31991757e-02  1.11334492e-03 -6.64280653e-02 -4.56792526e-02
 -6.64672405e-02 -2.47637834e-02  7.10653327e-03 -8.32101889e-03
  8.75406154e-03  4.61029215e-03 -5.10071889e-02 -1.08095286e-02
  8.63258541e-03 -4.49134149e-02  2.68946271e-02  3.86389531e-02
  2.93514552e-03  1.18898913e-01 -5.29694408e-02 -9.10190940e-02
 -2.34976504e-02 -1.99092980e-02 -1.02213491e-03  2.35307161e-02
  8.15977603e-02 -7.48474747e-02 -2.79505309e-02  8.89031030e-03
  1.91516820e-02  7.89119750e-02 -6.77753314e-02  3.93134244e-02
  3.80994417e-02 -9.70781688e-03  1.16339438e-01 -6.69758916e-02
  1.38944969e-01 -6.42190427e-02 -9.26617719e-03 -3.61319371e-02
  4.18231376e-02 -1.10194363e-01 -1.97234694e-02 -1.16791263e-01
  1.15550384e-01  1.44915953e-02  1.35804504e-01  2.05950394e-01
 -5.44462316e-02  2.37236475e-03  1.61407501e-01 -9.13234502e-02
 -1.65169686e-01 -6.15988299e-02  1.55319655e-02 -9.65174809e-02
  6.46868572e-02 -7.55474716e-02  1.91870943e-01  2.11690903e-01
  6.00759909e-02 -1.07555270e-01  1.26410232e-04  7.65176564e-02
 -7.17276111e-02  6.08313642e-02  3.29265520e-02  2.90399585e-02
  8.13872144e-02 -6.34195376e-03  6.87440932e-02  8.01075697e-02
  3.66881005e-02  6.66316897e-02  1.92530006e-02  3.69931683e-02
 -1.14482697e-02  9.31512788e-02 -2.52397716e-01  4.23127599e-03
  1.06911048e-01  3.54535808e-03 -9.79193226e-02 -9.32581946e-02
  3.68486755e-02  8.35920498e-02 -4.64667343e-02 -1.38400011e-02
 -1.42093375e-01  4.06738855e-02 -7.08460659e-02 -3.65379676e-02
  2.41166409e-02 -9.81299728e-02  5.33519685e-03  3.62439901e-02
 -2.25681793e-02  3.52151096e-02 -2.08620522e-02  2.23833714e-02
  3.63514312e-02  4.02563438e-02 -4.70074862e-02  2.60421205e-02
  2.29847780e-03  9.56495628e-02 -6.47301301e-02  2.46206820e-01]		O	[ 1.59550514e-02  3.25634703e-02 -1.41044259e-01  1.41450465e-01
  1.35452719e-02  2.04356357e-01  9.29397270e-02 -2.83564371e-03
 -6.40731305e-02  1.71894412e-02 -2.66300648e-01  1.00326794e-03
  3.94905079e-03  5.90334162e-02  6.09203950e-02  7.65184984e-02
  4.09403294e-02 -5.46899848e-02  2.09221542e-02 -9.08762813e-02
  1.03703886e-02 -3.09513118e-02 -9.31087062e-02 -7.91977644e-02
  3.55006452e-03 -3.70252952e-02 -1.97505593e-04 -3.28921787e-02
 -3.08470912e-02 -1.05629480e-02  1.43835042e-02  7.47922622e-03
  3.19274478e-02 -6.74090460e-02  9.07562599e-02  5.62320463e-02
 -1.19809508e-02  1.10197924e-01 -9.50445235e-02 -6.26475736e-02
 -2.12606676e-02  2.18360731e-03 -4.55716513e-02  4.17249203e-02
  1.07239537e-01 -5.04282899e-02 -2.03656517e-02  3.54012381e-03
  5.10819331e-02  8.46012458e-02 -3.98032367e-02  9.05702487e-02
 -9.27829742e-03 -6.08848706e-02  1.75544962e-01 -4.19656076e-02
  1.27338514e-01 -5.43090850e-02  4.37593870e-02 -6.16508652e-04
  7.08849654e-02 -1.41064540e-01 -3.63293849e-02 -7.95703977e-02
  1.28202468e-01 -6.02269694e-02  1.87474042e-01  1.57794192e-01
 -1.12991584e-02 -2.55105179e-02  1.08420908e-01 -7.78825805e-02
 -1.46178856e-01 -6.81619793e-02  2.91776229e-02 -1.20185070e-01
  4.22434509e-02 -9.62519571e-02  1.76271304e-01  1.74051017e-01
  9.73478407e-02 -9.59944651e-02  6.36547506e-02  6.32930994e-02
 -3.05095986e-02  2.73899883e-02  6.31307140e-02  7.71641452e-03
  4.43316698e-02  1.66518474e-03  6.31020442e-02  6.83901384e-02
  7.16234557e-03  4.38561626e-02  4.29435447e-03  5.23233376e-02
 -4.08467464e-02  9.07861665e-02 -2.42068782e-01 -5.52729927e-02
  5.40099330e-02 -1.36693623e-02 -1.44419014e-01 -8.72748196e-02
  1.39327319e-02  1.41796499e-01 -1.05790183e-01 -5.58282323e-02
 -1.68976203e-01  1.43268565e-02 -7.72053003e-02 -7.93763250e-02
  4.20145411e-03 -7.77253211e-02 -3.54852267e-02  5.29552437e-02
  2.97951065e-02  7.15400605e-03 -1.13799544e-02  4.05339785e-02
  7.88671970e-02  3.46457288e-02  2.71163806e-02  8.20829719e-02
  4.60552163e-02  1.17226139e-01 -5.72186001e-02  1.67096838e-01]		F	[ 2.61148009e-02  4.76760305e-02 -1.64557531e-01  1.36830598e-01
  1.07094929e-01  1.97731778e-01  1.69694215e-01 -3.29367705e-02
 -4.20593321e-02  1.45960869e-02 -2.16756955e-01 -6.83973357e-02
 -1.92545671e-02  6.18088022e-02  2.32112631e-02  9.57517698e-02
 -3.67548363e-03 -7.22304210e-02 -1.11856209e-02  1.41599104e-02
  1.48256291e-02  8.86081308e-02 -7.60060363e-03 -1.33311525e-02
  1.73348803e-02  8.43658522e-02  1.61974248e-03  5.30872457e-02
 -5.66295721e-02 -2.05854364e-02  6.69486253e-05 -2.74303462e-02
  1.47661055e-02 -1.05303423e-02  4.08700444e-02 -3.88711952e-02
 -9.25058499e-03  7.08853379e-02 -1.61086656e-02  9.36248060e-03
 -6.40989020e-02  1.37198828e-02 -4.10121530e-02  2.29000058e-02
  5.63014448e-02 -1.15213878e-02  4.86795045e-02  2.88905036e-02
 -1.51224891e-02  8.55628029e-02 -1.09747529e-01  1.06328174e-01
 -1.72829232e-03 -2.64010262e-02  7.76568502e-02 -2.98303571e-02
  1.41668305e-01 -5.47352172e-02  6.99440530e-03 -4.34153788e-02
  1.01946920e-01 -1.23248555e-01  4.82469462e-02 -1.18523858e-01
  9.74618569e-02 -1.05102733e-01  1.72602147e-01  1.72824666e-01
  2.20418558e-03  1.70579813e-02  1.45542905e-01 -9.39527377e-02
 -1.41527846e-01 -8.65820795e-02  1.25765176e-02 -7.96969831e-02
 -2.44816840e-02 -8.37393254e-02  1.18385047e-01  1.65065527e-01
  9.56863463e-02 -8.75697508e-02  5.96437380e-02 -1.51772080e-02
 -3.85856107e-02 -2.05181800e-02  5.45962527e-02 -1.71049347e-03
  2.88536269e-02  4.75384817e-02  9.51010510e-02  5.05108908e-02
 -6.09201118e-02  1.78013649e-02  3.43180187e-02  6.17352538e-02
 -9.12646800e-02  3.62117477e-02 -2.41434455e-01  1.39107015e-02
  6.89814910e-02 -5.97327063e-03 -1.34726807e-01 -1.31226391e-01
  4.76897396e-02  1.53959647e-01 -1.06063239e-01 -2.60863174e-02
 -1.22651666e-01 -1.34177366e-02 -6.62061051e-02 -8.17897320e-02
  1.50571158e-02 -1.06763840e-01  3.33630410e-03  7.23788068e-02
  2.97060218e-02  3.49340774e-02 -3.94255301e-04  1.00930259e-01
  8.88744369e-02  3.08322106e-02 -1.35671413e-02  7.25746676e-02
  6.64410740e-02  1.88972861e-01 -9.31924805e-02  2.70495653e-01]		1	[ 0.05960988 -0.02711893 -0.12013455  0.08911692  0.09907447  0.24967931
  0.16911666 -0.07349096 -0.06775892  0.02632231 -0.13421799 -0.12434121
 -0.02825613  0.05650899 -0.01730935  0.07956945 -0.12904777  0.04496938
  0.00913028 -0.05223744  0.15127803  0.01897507 -0.13131824 -0.0260646
 -0.03368316  0.05722754 -0.08388393  0.03167411 -0.02188699  0.00488274
 -0.08718668 -0.0653367  -0.03613178 -0.05679141  0.01770685  0.04103401
  0.05029108  0.15766071  0.01771656 -0.10072766  0.03764509 -0.03724488
 -0.03830605 -0.00919576  0.16220123 -0.03795585 -0.02910944 -0.00451063
  0.02174472  0.05308523 -0.02417932  0.06693212 -0.03677244 -0.11423835
  0.09934723 -0.12739047  0.16529396 -0.1181613   0.11465699 -0.06259441
  0.16039105 -0.2056219  -0.08974262 -0.10789622  0.08184395 -0.02901756
  0.13897364  0.21663369 -0.02540144  0.01385148  0.11179416 -0.13319555
 -0.09362022 -0.06667051  0.02180823 -0.10889266  0.06352449 -0.09140906
  0.2340008   0.18457709  0.06341954 -0.14578387 -0.03417852  0.11517949
 -0.06772885  0.03999414  0.04966869  0.0128466   0.13308614  0.0161913
  0.08410031  0.10045996 -0.01021841  0.01332094 -0.00105635 -0.04388547
  0.06712634  0.10744376 -0.31185618  0.00144634  0.19595234  0.05533808
 -0.19475779 -0.16457398  0.0172451   0.17463821 -0.08640214 -0.06633693
 -0.10854354  0.07513821 -0.01894232 -0.01258283  0.0088507  -0.1686304
  0.05423027  0.00774133 -0.01481668  0.05260693  0.0185949  -0.07204009
  0.00650541  0.14716887 -0.0681349   0.12163118 -0.1093661   0.07568796
 -0.10516975  0.09015666]		.	[ 0.111284    0.02531427 -0.13619061  0.11058339  0.04175882  0.15790847
  0.05643655 -0.01255147 -0.06637176 -0.04878682 -0.17347956 -0.10329178
 -0.0530407   0.06316058 -0.00127274  0.00639487 -0.05665293 -0.00543721
 -0.05672045 -0.0257839   0.14880064 -0.01576586 -0.04471774 -0.03461915
 -0.06874891  0.01452051 -0.07460819  0.0402507  -0.01093457 -0.01538233
 -0.12476282  0.00936646 -0.02083621 -0.05188818  0.11674244  0.08526566
  0.10215308  0.10354216 -0.01401025 -0.00940089 -0.006365    0.04318049
 -0.0083441   0.03734035  0.11284685 -0.06502059  0.00728045 -0.05456461
  0.04464276  0.08249208 -0.03045338  0.0485261  -0.02021873 -0.01340735
  0.21757647 -0.04645564  0.1612648  -0.15859714  0.01826033 -0.00930319
  0.14320844 -0.2200057   0.00959624 -0.05382188  0.03313033  0.03972748
  0.12065928  0.1559889  -0.10743283 -0.02244261  0.15002893 -0.04138147
 -0.15300468 -0.05107763  0.09334046 -0.08291546  0.07931805 -0.12516378
  0.1804616   0.09463454  0.11237519 -0.0456587   0.01942547 -0.11960709
 -0.02161905  0.02443749 -0.04802437  0.13025998  0.02275768 -0.02673546
  0.03386204  0.09762153  0.06645828  0.05376798 -0.10148583  0.11335717
  0.0242923   0.12543523 -0.23150536  0.01101079  0.17289183  0.04229341
 -0.05715544 -0.11591615  0.05954787  0.11117405 -0.0654695   0.0137358
 -0.10891812  0.06555466 -0.083877    0.01304852  0.04197343 -0.09984797
  0.03135888  0.09149007  0.02663209 -0.01498887 -0.01318162  0.05570038
  0.14441697  0.0198833  -0.02535314  0.05511747  0.11096488  0.12443914
 -0.03307778  0.25748616]		2	[ 0.06828622  0.06587652 -0.11091559  0.21833281  0.07589215  0.20026316
  0.12824309 -0.01714019 -0.03483889 -0.0027206  -0.2571402  -0.09220031
  0.07469318  0.04175964  0.06607335  0.05902842 -0.06138929 -0.01103314
 -0.07399447 -0.1156199   0.15246563 -0.01308097 -0.0547467  -0.04596696
 -0.03228191  0.04328473 -0.02074491  0.06685954  0.0349821  -0.01178723
 -0.15796691  0.00190464 -0.01095674 -0.10076104  0.02484936  0.11117738
  0.08011334  0.16123526  0.03250645 -0.09274099 -0.03726131  0.01713434
 -0.09322815 -0.01333033  0.15309148 -0.02032552 -0.03231022 -0.00433921
  0.09057392  0.13080558 -0.02937803  0.12830994  0.00741997 -0.04544249
  0.1959553  -0.06863969  0.2526768  -0.15488446  0.03210884  0.01162212
  0.1275101  -0.20041229 -0.05973848 -0.12052009  0.12764873 -0.05535623
  0.1664966   0.11774918 -0.12641883 -0.05215642  0.06819408 -0.01769705
 -0.12026246  0.01760456  0.07534717 -0.1465878   0.00826354 -0.13651186
  0.16288488  0.09514455  0.11376705 -0.10781417 -0.04908054  0.00911195
 -0.06231472  0.09227579 -0.01785864  0.08201969  0.04409574 -0.04420288
  0.03624488  0.10791434  0.12311243  0.0607664  -0.15341891  0.02942093
  0.00810703  0.07966469 -0.28168073 -0.1038394   0.10065082 -0.02695951
 -0.14054334 -0.04744489 -0.00744514  0.05286821 -0.08070156 -0.13838589
 -0.13767697  0.10045086 -0.08345176 -0.05521353  0.06863493 -0.08240969
 -0.01679184  0.06939512 -0.1069789   0.06411025  0.03067185 -0.07043423
  0.04799375  0.03150183  0.05494121  0.180458   -0.01789254  0.02534073
 -0.07458483  0.10102803]		N	[ 0.16385873  0.11637714 -0.10344414 -0.01008868  0.02572976  0.2246785
  0.04644717 -0.03336313 -0.0774613   0.00174203 -0.2782529  -0.11459881
  0.02373761  0.0620216  -0.00837695  0.03736636 -0.09314904  0.06111577
  0.06902169 -0.01493882  0.15836497  0.01373978 -0.04461944 -0.04264037
  0.00269093  0.03755969 -0.11025207  0.04259971 -0.02456644  0.03284096
 -0.05630723  0.03461679 -0.03128861 -0.01629691  0.05817859 -0.00885047
  0.0451974   0.10121404 -0.11107063 -0.04821331  0.10016191 -0.03607108
  0.02989176  0.072395    0.11486142 -0.08969545 -0.07946903 -0.01045725
  0.07784689  0.08553319 -0.12242329  0.06521879 -0.01115733  0.01624836
  0.15391947 -0.07669685  0.05049139 -0.1280174   0.05258029  0.04639097
  0.20839825 -0.21484637 -0.05752569 -0.11085019  0.15527062 -0.03273065
  0.0206662   0.08019875 -0.1317738  -0.06933638  0.12435245 -0.01480735
 -0.1420328   0.01056866  0.07984022 -0.15005569 -0.04274716 -0.10026206
  0.1518321   0.1549663   0.07442421 -0.18816616 -0.02461393  0.14941822
 -0.05073897  0.05164373  0.056703    0.03716088  0.12896164 -0.07116304
  0.09595163  0.03204675  0.04373753  0.08157489 -0.02197146 -0.01604652
  0.02706024  0.05060167 -0.30052823 -0.01312529  0.1005022  -0.02221448
 -0.07109615 -0.07354572 -0.0677157   0.03926188 -0.04859155 -0.06904984
 -0.0890165   0.10694469 -0.0923618  -0.03615969  0.1644183  -0.05828916
 -0.04338052  0.15873963 -0.05715877  0.06812098  0.02743248 -0.04056536
  0.13805671  0.01793054 -0.00847641  0.1838145   0.1413147   0.15070535
  0.06244661  0.24263489]		>	[ 0.14043094 -0.05973178  0.02679942  0.13100679  0.01913692  0.05648309
 -0.03743006 -0.16103202 -0.08251891 -0.05563773 -0.05728805 -0.13624267
  0.01716306  0.11343877  0.12815951 -0.07610814  0.00203887 -0.03985201
  0.01517433 -0.1460082   0.15895268  0.03885625 -0.13058925 -0.02092331
 -0.04837456 -0.11914207  0.00215952  0.11161599 -0.03051718 -0.06493168
 -0.13014828 -0.03549999  0.01815311 -0.09521855  0.08496918  0.01941901
 -0.1116716   0.02667299 -0.215845    0.05030415 -0.01862279 -0.00309176
  0.04843006  0.15123299  0.02015287 -0.07971056  0.01613263 -0.04505373
  0.04921167  0.12225299  0.0096067   0.13876276  0.09805508 -0.0868774
  0.04952339 -0.03795742  0.20831406 -0.09749747 -0.1021381  -0.00513837
  0.12262666 -0.16523863  0.03460564 -0.02878062  0.14037639 -0.07684689
  0.1587163   0.23047796 -0.09913857 -0.0385317   0.13913508  0.10564026
 -0.25752464 -0.07650153  0.19058955 -0.21105157  0.10470761 -0.10412743
  0.26471522  0.25039852  0.16427864 -0.20213032  0.13642061  0.19805314
  0.01655451  0.06048976  0.14144208 -0.003472    0.20290138 -0.02251378
  0.04239888  0.06284289 -0.04578139  0.15713274  0.04713117  0.03533271
  0.09805743  0.00207768 -0.27956033 -0.07056441  0.15351476  0.06068365
  0.03475837 -0.1145449  -0.1033349   0.08251632  0.0235589  -0.0918558
 -0.07192305  0.162738   -0.05962333 -0.01046064  0.05180104 -0.06837486
 -0.08245149  0.05458165 -0.01420949  0.04304729  0.0580942   0.09081883
  0.04149137  0.06788391 -0.03845212  0.05574802 -0.0177617   0.07344852
 -0.17519355  0.17711908]		/	[ 0.00863608  0.11949089 -0.3579454   0.15004194  0.00904865  0.3081258
  0.12650749 -0.10802266 -0.16384721  0.04930726 -0.36927897  0.13842814
  0.08090822  0.10919089  0.12535961  0.09211238 -0.10088864  0.05606292
  0.09156557 -0.12756245  0.06406143 -0.03021995 -0.14245984 -0.09529164
  0.05276836  0.1158283  -0.11688696 -0.01331061  0.02839496 -0.05329874
 -0.02862522 -0.04390858 -0.15871999  0.03932177  0.01720279  0.12319411
  0.06500661  0.05120247  0.07767942  0.00039229  0.22370607 -0.07374385
  0.03832238  0.02400627  0.05203483  0.02569035  0.02247291 -0.10803699
  0.15554018 -0.03665593  0.13693054  0.03516607 -0.11611609 -0.1218795
  0.16930372 -0.07422766  0.03809181 -0.12917782  0.16430442  0.0884096
  0.26475456 -0.26064625 -0.15771432  0.023484    0.1293875  -0.0698377
  0.17541721  0.16820826 -0.0178778  -0.09865941  0.0451132  -0.17903657
 -0.10845646 -0.06467176  0.08225504 -0.16128558  0.0040409  -0.22621465
  0.24524651  0.14881323  0.06126299 -0.2348991   0.03739368  0.29819396
 -0.03432859  0.12224658 -0.04086085  0.02782617  0.12260992 -0.1391438
  0.04864063  0.09428226  0.06684345  0.12099487 -0.06677487 -0.13166519
  0.13613573  0.0984191  -0.25406882 -0.07107186  0.17255424  0.02938688
 -0.09725238 -0.16509417 -0.09361978  0.16699177 -0.09507909 -0.11719588
 -0.0262746   0.14782903 -0.04523404  0.05050511  0.06923196 -0.12158664
 -0.03649149  0.06499302 -0.04165074 -0.01308053  0.06601687 -0.03427078
  0.02781123  0.11936295 -0.0158709   0.13427137 -0.04375308  0.12948346
  0.00312091  0.07351791]		[O-]	[ 0.09931064 -0.06915709 -0.01072742  0.03834318  0.02060779  0.09484617
  0.06581294  0.15929651 -0.1942845  -0.00272056 -0.25572348 -0.0142422
 -0.16715196 -0.00472711 -0.17511389 -0.040389    0.20512888  0.0469711
 -0.18048018 -0.07245372  0.16765705 -0.08169924  0.06509978 -0.11732433
  0.03152783 -0.2785505  -0.15121843  0.02259614 -0.07321933 -0.12334109
 -0.11571404  0.0973279   0.17234996 -0.03031117  0.0082228   0.12797374
  0.17759216 -0.14454548  0.01867193  0.01848325  0.08188897  0.00215534
 -0.11419243 -0.11107126  0.00456684 -0.07012367 -0.10236344  0.06854866
 -0.00145688  0.12940885 -0.03390573 -0.01294895  0.0404135   0.07537237
  0.2532045  -0.13280585  0.03357106 -0.34534284  0.05450062  0.1758548
  0.24465834 -0.07710241 -0.0310936  -0.00403125  0.03693336 -0.09548894
  0.27025324  0.32982254 -0.01237532  0.10825445  0.16631839  0.02176035
 -0.1421727  -0.10871185 -0.01367726 -0.09295957  0.04096032 -0.01764661
  0.07991225  0.20679699 -0.00401513 -0.049789    0.01250613  0.15118891
  0.01717999  0.10164256  0.10398211  0.02059764  0.0881978   0.0831356
  0.16905075 -0.04861115  0.07710522  0.00760282  0.06187553  0.0175798
 -0.17703637 -0.16175199 -0.12041281 -0.05271026 -0.0375854   0.00416859
 -0.11822416 -0.06057467  0.14512195 -0.05010949 -0.06991225 -0.05903828
 -0.06976444 -0.09211502 -0.13834831 -0.14922325  0.13944666 -0.08722675
 -0.02746215  0.02202477  0.10765301  0.05622915 -0.08197589 -0.09090513
  0.06722341  0.02128091 -0.02043551  0.0974296   0.15839961  0.18011594
  0.02829916  0.29899704]		S	[-0.10372768  0.04171992 -0.03198711  0.2983443  -0.03493749  0.16546364
  0.37427014  0.141521   -0.06970988 -0.08754854 -0.11476732 -0.07189845
 -0.03905277  0.00638859 -0.09456842  0.08847068 -0.03633868 -0.01100689
 -0.09571398 -0.06227325  0.01935656 -0.1334611  -0.08979442 -0.18195687
 -0.01732648 -0.15777361 -0.05231747 -0.07119711 -0.07103386  0.00567083
  0.01670975  0.09573698  0.00038372 -0.10295272 -0.07011181  0.07563449
 -0.00734194 -0.02647736 -0.15519041 -0.02051651  0.07275865 -0.19576071
 -0.03553049  0.00415077  0.00326006  0.00766191 -0.08385039  0.03373009
  0.01390464  0.0676029  -0.10052771  0.1206687   0.00854072 -0.00526265
  0.13467571 -0.21121152  0.14053057 -0.11960565  0.02788745  0.05087876
  0.06698778 -0.07733383 -0.00897969  0.00478614  0.04209305  0.11779908
  0.05120348  0.15345146 -0.04346715 -0.01292797  0.27719662 -0.12628208
 -0.1487029  -0.1678531   0.10291519 -0.03081978  0.13280088 -0.13459809
  0.25231454  0.12116545  0.12373057 -0.09697825  0.10521306  0.17229755
 -0.1549109   0.06177843 -0.01197044  0.03668694  0.00174168 -0.12673628
  0.14513735  0.09488235  0.15578428  0.05088484  0.07340735  0.09236648
 -0.18565314 -0.08886485 -0.21564913  0.03951555  0.08101123  0.09216486
  0.01173808  0.0917148   0.22305547 -0.00556905 -0.01927516 -0.04341916
  0.0742204   0.03193808 -0.04450884  0.06257313  0.03547069 -0.00184519
  0.07021451  0.16158693 -0.01561382  0.13593072  0.02596696  0.04736383
  0.16490139  0.08708146  0.11714386  0.0403467   0.15107754  0.17741165
  0.10738982  0.18726932]		[C@@H]	[ 0.09423212  0.07755696 -0.11455569 -0.17993213  0.07839165  0.11379233
  0.12011649 -0.0279063   0.0109331   0.10281056  0.02766938  0.01701721
 -0.00817039 -0.15796508 -0.05590281  0.15507914 -0.10158788 -0.07931697
 -0.10260163  0.08491288  0.20711875  0.02867135  0.08250257 -0.01393061
 -0.15840113  0.20468421 -0.0809145   0.1630172   0.20015337 -0.0439453
 -0.31853852 -0.0831295  -0.09499719 -0.07969991  0.13779336  0.07822412
 -0.06120596  0.10013118 -0.15274824 -0.1462882   0.09189965  0.05464499
  0.12218469  0.0190014   0.17536677 -0.1036295  -0.04097793 -0.15913822
  0.00250537 -0.03047449 -0.08688265 -0.02192445 -0.12882555 -0.17913973
  0.18637255 -0.09632183  0.13216989  0.1405812   0.13063154 -0.35903886
 -0.10859305 -0.16776922 -0.02559076 -0.15162063  0.21428181  0.02627815
  0.24454246  0.14243488 -0.02108759  0.13184549  0.27377397  0.00589878
 -0.38173482  0.05382894 -0.02741696 -0.07968615  0.17424187  0.02870648
  0.2788891   0.43002644  0.14217995 -0.15343869  0.0851556   0.0271725
  0.14693682 -0.08641879 -0.05474667 -0.04848303  0.06266209 -0.08800561
  0.10180711 -0.06577851 -0.0778587   0.01216137 -0.0127495  -0.05931555
 -0.04453552  0.16199517 -0.2078897  -0.05686304  0.03726499  0.0434354
 -0.20826878 -0.01849472  0.15233745  0.16960019 -0.07182759 -0.2138495
 -0.22755182 -0.03517817  0.01376589 -0.07139985 -0.05022854 -0.14379874
  0.12430645  0.05232011  0.04020707  0.08622634  0.08627905 -0.00645004
  0.10208611  0.11221224  0.05799758  0.14097534  0.04930449 -0.11122472
 -0.15031095  0.13323209]		3	[ 0.07623544  0.04852214  0.23292126  0.15204878  0.00254728  0.07355629
  0.01073151 -0.04968799 -0.02806335 -0.02003701 -0.21853021 -0.22856678
  0.13702774 -0.01305717 -0.06934428 -0.04535837 -0.14391358  0.09720558
 -0.10043006 -0.05930044  0.28395084 -0.06759921 -0.03112764 -0.07310032
 -0.05705382 -0.19119105 -0.15781938  0.05897558 -0.04943144  0.07661339
 -0.13955188  0.13810676  0.03996601 -0.17394537  0.12251847  0.01461228
  0.12202425  0.12039889 -0.03122066  0.08959296  0.05863948 -0.03279154
 -0.12547971  0.04461712  0.10336662  0.12060983 -0.08114626  0.05233229
  0.06050591  0.16128226 -0.11831835  0.2383386   0.05887049 -0.03498162
  0.28524572 -0.01508386  0.21059509 -0.24536228  0.05907941  0.14152965
  0.26314682 -0.26602075 -0.03082889  0.0567531   0.14074942 -0.07332549
  0.13161953  0.15812303 -0.08392217 -0.0733728   0.01787051  0.03248791
 -0.10606147 -0.13442843  0.08740222 -0.22530659  0.14362317  0.00158426
  0.1732667   0.10672937  0.08445387 -0.0493899   0.00279306  0.01762037
 -0.05527099  0.12937745  0.15812281  0.10709327  0.15015568  0.13277884
 -0.04229223  0.1436205   0.05069505  0.06298617 -0.12875655  0.07988573
  0.12605228  0.08979866 -0.30033743 -0.08163443  0.14445974 -0.03246259
 -0.0811891  -0.04081766 -0.16312677 -0.03075457 -0.05655956 -0.08146098
 -0.07634734  0.11259303 -0.13558276 -0.10666819  0.15285948 -0.11382865
 -0.07626662  0.12636463  0.00071765  0.07384509 -0.07471785 -0.20693116
  0.11464455  0.03914674 -0.01068049  0.2781032  -0.00863174  0.1287859
  0.05630298  0.02869774]		B	[-0.1678548  -0.44173294  0.08172354  0.03819412  0.09589321  0.20293345
 -0.21210967 -0.09657627  0.16439845 -0.00097043 -0.14132413 -0.01390477
  0.04611521 -0.2387866  -0.12456984  0.19355576  0.03956835 -0.09211445
 -0.06432629 -0.12738197  0.08305843 -0.18118696  0.07654232 -0.1697855
 -0.04574771  0.18201607 -0.12380554 -0.23494425  0.23299995 -0.08282337
 -0.08717378  0.11324051 -0.17947046  0.18046756 -0.0873849   0.14562619
  0.06744443 -0.00323133 -0.0661485   0.09986656  0.21131049 -0.31221068
  0.10565306 -0.08068585 -0.14489265 -0.14035371 -0.03555742 -0.21004243
 -0.26040077  0.00291949 -0.0386149  -0.1556451  -0.08872193  0.0692002
  0.05980315 -0.26084504  0.36175832 -0.2555246  -0.09318665 -0.12556133
  0.03182353 -0.13816607  0.14448498 -0.22880575 -0.00060372 -0.03138083
  0.11060915  0.02400895 -0.08593699 -0.24551442  0.13363057 -0.12755567
 -0.17806658 -0.03054884  0.03079225 -0.22305587 -0.09693199 -0.36406547
  0.19230862  0.01148147 -0.08131299 -0.25116393  0.31001902 -0.13347581
 -0.12447442 -0.02533164 -0.11531946 -0.00959913 -0.18594466  0.07931884
  0.10246821  0.25537267 -0.1222996   0.00504099  0.1107022  -0.0425641
 -0.08575885  0.09129775 -0.33179837 -0.02217636  0.21895683 -0.12671138
 -0.35591608 -0.36218816 -0.05542197  0.16019848 -0.31461734 -0.11587676
 -0.06906335  0.0797829  -0.11923432 -0.17621815  0.19604455 -0.06354523
 -0.0392828   0.16235179 -0.4373561   0.11338871  0.13058485 -0.04800043
 -0.01451975 -0.14346498  0.00673878  0.30163145 -0.0547189   0.13213861
 -0.2321245   0.22580157]		[Cu+2]	[-0.13114542  0.21793097  0.11531662  0.18728295 -0.09450652 -0.14741398
  0.10553584 -0.13681099 -0.12485812 -0.07748128  0.24713142  0.02793054
  0.09357776 -0.4108291  -0.1975051   0.04067824  0.02264993 -0.32334587
 -0.20947237 -0.0148884  -0.15928786  0.35164022  0.05694223 -0.14188176
  0.02075437  0.20467597 -0.09256108  0.11667854 -0.32189164 -0.11887547
  0.05504914  0.06120871 -0.10523014 -0.0073356   0.08740918 -0.15883783
  0.26915497  0.06257693  0.07306536  0.12892883 -0.03992572 -0.23220225
  0.07790529  0.03988722  0.10496204  0.07313289  0.01602343  0.19876994
 -0.0894559   0.07840954 -0.12152626  0.11138471 -0.12202036  0.08678795
 -0.02877554 -0.21089058  0.12335236 -0.22759517  0.11326827  0.12108073
  0.2439164  -0.44545013 -0.03471976 -0.15351856  0.3226121  -0.03158586
  0.2407584   0.27095613 -0.00085591  0.09162768  0.1860432  -0.3881656
 -0.21061318 -0.16229518 -0.01855681 -0.04208426  0.05202562  0.02265606
  0.14953554  0.2092311  -0.15984944 -0.0582073  -0.101728    0.12297891
 -0.39786384  0.12305921 -0.08306545  0.15092708  0.02508916  0.15824287
 -0.1076422   0.16926765  0.09101768  0.05528167 -0.16972366  0.02290738
  0.00654399  0.13853604 -0.25919336  0.04142517 -0.18139942 -0.2007425
 -0.06034819  0.14880347 -0.04368557 -0.04739109  0.12173157 -0.0525013
 -0.2231018  -0.05482892 -0.01555694 -0.11190224  0.16363148 -0.18242966
  0.11945981  0.03257064 -0.10339403  0.04635186 -0.22275768 -0.353435
  0.04127768  0.00526361 -0.00097693  0.13227135 -0.02150831 -0.03266696
  0.06582031  0.27549937]		4	[ 2.79342204e-01 -1.09889843e-02  3.86608005e-01  8.10575783e-02
 -2.40342617e-02  7.66416779e-03  7.29853287e-02  7.98513182e-03
 -1.97800875e-01 -2.48882458e-01 -1.88177511e-01 -2.00106859e-01
 -6.04992397e-02  7.90998936e-02 -1.73246741e-01 -1.72007337e-01
 -7.45235477e-03 -3.83225791e-02 -1.70128629e-01 -6.23736829e-02
  1.94653705e-01 -1.35194538e-02 -9.92320403e-02 -2.20302507e-01
 -6.17166720e-02 -2.98016816e-01 -1.96022063e-01  1.15618609e-01
 -2.83583730e-01  2.63945125e-02  1.72034204e-02  2.07621545e-01
  5.98165132e-02 -1.12795450e-01  1.18307158e-01  8.04871228e-03
  1.53295428e-01 -1.00964434e-01 -2.68606320e-02  1.95458278e-01
 -4.17282321e-02 -5.80069385e-02 -5.80109060e-02  2.00697575e-02
  4.22957428e-02  6.89077144e-03 -1.11266756e-02  1.31231144e-01
 -7.54529284e-03  1.69092461e-01  6.40617087e-02  1.19372420e-01
  1.86970527e-03  5.16788801e-04  8.23367238e-02 -1.50735691e-01
  1.50749296e-01 -3.48799050e-01  4.96445298e-02  2.10125268e-01
  2.98169047e-01 -2.93334633e-01 -6.11630045e-02  3.16602207e-04
  7.17828795e-02 -6.33872598e-02  1.90293044e-01  2.84395188e-01
 -1.33954614e-01  1.59842476e-01  5.79581484e-02  1.01243407e-01
 -1.14894256e-01 -4.85499837e-02  1.77433252e-01 -1.27128288e-01
  1.58850566e-01 -3.45742144e-02  7.89332762e-02  1.11172115e-02
  9.45205167e-02 -4.31751125e-02 -9.11090672e-02  7.64212683e-02
 -1.09151736e-01  1.27328649e-01  3.03615294e-02  2.43912250e-01
  1.21464521e-01  3.80145572e-02  1.15425453e-01  2.77028028e-02
  1.94035470e-01  6.51753023e-02 -1.90260991e-01  4.30086926e-02
 -4.23802063e-02 -1.85286239e-01 -2.20809489e-01 -1.51977345e-01
 -4.28230874e-03 -9.63302031e-02  3.76407914e-02  1.02261610e-01
  1.25717334e-02 -2.02928081e-01  1.05171889e-01 -8.89056399e-02
 -4.39479500e-02  8.64500180e-02 -1.25146642e-01 -9.46689770e-02
  2.28561088e-01 -7.55180046e-02  2.04784088e-02  9.11297575e-02
  9.13334712e-02  8.05766955e-02 -9.61620733e-02 -2.19633773e-01
  1.80825174e-01  7.82058015e-02  1.00826591e-01  1.79094523e-01
  2.21133694e-01  1.43370926e-01  1.26948118e-01  2.43995890e-01]		Cl	[ 0.03080603 -0.1420412  -0.00308155 -0.03451718  0.14453292  0.1790738
  0.3131956  -0.12933066 -0.07852966  0.05397555  0.02470675 -0.03240349
 -0.01088192 -0.007112   -0.07812318  0.18908125 -0.22142689  0.10334835
  0.03035046  0.17920914  0.33795816 -0.08610319 -0.10088462 -0.00168423
 -0.07614522 -0.01047929 -0.17173696  0.06266759  0.05892828  0.15422939
 -0.01592836 -0.07449887  0.09289188  0.00518378  0.02347185 -0.21916147
 -0.1794446   0.06541339 -0.21422052 -0.00930685  0.12098509 -0.14863928
  0.04008876  0.05158244  0.06758797 -0.01111458  0.07826337 -0.01917633
  0.0470014   0.09935354 -0.24010597  0.23530103 -0.08904525 -0.23779716
  0.18868741 -0.07286385  0.36175677  0.01429434  0.18076515 -0.25396812
  0.0912476  -0.1769081  -0.08300485 -0.27201724  0.05812346 -0.1045255
 -0.05632848  0.07835238 -0.20971516  0.14321302  0.23615833  0.13897991
 -0.08606298  0.09185734  0.10134176 -0.1632638   0.01155544 -0.04738221
  0.15807056  0.0743894   0.15462326 -0.13495547 -0.07622053  0.04874615
 -0.12794964  0.15085927 -0.04092228 -0.11026429 -0.03369203  0.11527467
  0.05790195  0.14938335 -0.04985902 -0.00520639 -0.06384436 -0.04043451
 -0.04725389  0.2001666  -0.47574076 -0.01227722  0.11052898 -0.1182064
 -0.3975017  -0.13484636 -0.12403406  0.25508824 -0.1926945  -0.10134917
 -0.20827818  0.02639917  0.0117527  -0.17271622 -0.00281548 -0.15122154
  0.05599245  0.05234029 -0.20952588  0.2130301  -0.09178229 -0.30538565
 -0.03288783  0.0835733   0.08945044  0.34668985 -0.13043132 -0.00181796
 -0.07719573  0.09253209]		\	[ 0.1472366  -0.1566317   0.16464335 -0.20593639  0.18039158  0.43602595
  0.3992799  -0.24775015 -0.09876762 -0.24838074 -0.18647037  0.06899731
 -0.22309439  0.21291922 -0.08961874  0.18724406 -0.19709903 -0.28058437
  0.05063194  0.03048763 -0.14784116  0.09967642 -0.27010798 -0.29132152
 -0.07869224  0.41102612 -0.12621443  0.06128961 -0.15632331 -0.02362813
  0.24902725 -0.0470745  -0.29080668  0.1176803   0.09612709 -0.00304506
 -0.0437349  -0.04478438  0.14661703  0.04047645 -0.04522112  0.04508716
  0.10843011 -0.05910464  0.16418095 -0.12201547  0.23719081 -0.09494432
 -0.08718509 -0.0547696   0.33656734 -0.05260367 -0.30473122 -0.33934256
 -0.18362097 -0.2681956   0.27305824  0.01030375  0.22316034 -0.27282387
  0.0789253  -0.3718463  -0.16851123 -0.2860033   0.07760459 -0.20251882
  0.35794652  0.3556181  -0.05427808  0.16370854  0.08636603 -0.22702907
 -0.14575921  0.10795754  0.1545703  -0.12115957 -0.05649539 -0.39835653
  0.29566     0.11891708  0.17153938 -0.3182903  -0.10118936  0.24764125
 -0.1312519  -0.00881725 -0.12512709  0.0937936   0.11305168 -0.14013271
  0.30020782  0.03792367  0.03201802 -0.01144897 -0.08344894 -0.2469795
 -0.13018633 -0.26340145 -0.28641102 -0.06952531  0.01902005  0.04944665
 -0.15945955 -0.12877534  0.12979764  0.2522748   0.03867701 -0.26361564
  0.0295811   0.07138157  0.18321468  0.07017127 -0.07341471 -0.16332689
  0.25710577 -0.02947711 -0.09114303  0.18141916  0.10020358 -0.07377183
 -0.05760959  0.3251875   0.19862506  0.06624319 -0.12850626  0.11921431
 -0.20102447  0.0926353 ]		[C@H]	[-0.14816861  0.10298944  0.41382477  0.4109554  -0.06135575  0.34100622
  0.28088388 -0.08002049 -0.1506243  -0.2046673  -0.81950784  0.09262083
 -0.01407277 -0.30353272 -0.28399283  0.33315906  0.22866547 -0.061511
 -0.04675751  0.20030078  0.16767783 -0.03556252  0.28336233 -0.48675743
 -0.0391992  -0.05572217 -0.26238897  0.0418918   0.21188982 -0.23742521
 -0.19173878  0.43901715 -0.2269393  -0.10940924  0.16333567  0.16457397
  0.04019857 -0.16313016 -0.34702262  0.2778838   0.27925605 -0.10606802
  0.07799159 -0.0037116   0.14564843  0.22799698 -0.20897101 -0.20493186
 -0.5449975   0.14069961 -0.02510097  0.10417081 -0.05252389  0.07843881
 -0.18287556 -0.40061334 -0.0370706  -0.02002646  0.09841261 -0.34955847
 -0.00805481 -0.09297859  0.38312143  0.13533512 -0.06302568 -0.2193879
  0.50260663  0.46176672  0.05209346  0.14909154  0.10673393 -0.00982044
 -0.39841297 -0.15964946  0.12725234 -0.04449461  0.14391638 -0.16372748
  0.13507572  0.11243108  0.06262568  0.01373638  0.41882747  0.05182389
  0.2304928   0.0105866  -0.18280518  0.23701277  0.00385842  0.02391602
  0.04474764 -0.08592162  0.13547505  0.16837925 -0.22734572  0.07859968
 -0.00224994 -0.19670339  0.17060915 -0.2763324  -0.20460235 -0.07720752
  0.16318358  0.16823797  0.26263347 -0.37352714  0.17763665 -0.31477824
 -0.04091807 -0.15561698 -0.1494312  -0.2428885   0.19712539 -0.28798681
  0.18247728  0.0507112   0.4722784   0.01532518  0.00790997 -0.22833355
  0.30300695  0.07465243  0.16971835  0.20101528  0.247349   -0.15115309
 -0.01263081  0.14713867]		Br	[ 1.10970743e-01  6.80421945e-03 -1.44092873e-01  1.19077787e-01
  1.00632913e-01  1.01308979e-01  2.53352195e-01 -3.82581353e-02
 -1.52548686e-01 -6.51266673e-05 -8.92470628e-02 -7.63858035e-02
 -5.90112284e-02  3.24946195e-02 -4.97510992e-02  7.42692724e-02
  6.02186993e-02 -3.56048085e-02  5.37309982e-02  2.20069326e-02
  1.48947850e-01  9.77173895e-02 -4.96745668e-02  9.44748055e-03
  8.13244060e-02 -2.31252816e-02 -4.99059223e-02  7.90527537e-02
 -1.02622770e-01 -4.12758365e-02  2.05289219e-02 -7.32980967e-02
  1.21720903e-01  5.76190045e-03  6.71004802e-02 -1.46357924e-01
 -6.59140646e-02  4.41571958e-02 -1.75307930e-01 -8.90869461e-03
  1.92032531e-02 -4.79189195e-02 -2.76185591e-02  7.97678828e-02
  9.71504450e-02 -2.40622740e-02  5.15715033e-02  3.77372131e-02
 -1.73300486e-02  7.65744001e-02 -1.75703019e-01  1.60021871e-01
 -4.00933735e-02 -8.59135985e-02  3.93445566e-02 -8.56718644e-02
  1.23157635e-01 -2.46118065e-02  8.25558156e-02 -1.18316323e-01
  1.71989143e-01 -1.17582276e-01  3.15633453e-02 -1.45762369e-01
  1.55381486e-01 -2.13679552e-01  2.05116406e-01  2.34324396e-01
 -3.96697372e-02  1.04841501e-01  1.96117029e-01 -2.77258977e-02
 -1.61731407e-01 -1.70655884e-02  9.88853164e-03 -1.13096848e-01
 -8.10479596e-02 -4.19129394e-02  1.18137896e-01  2.14530081e-01
  1.76936746e-01  1.87026188e-02 -1.58651248e-01  4.60035019e-02
  1.94365606e-02  1.83921590e-01 -8.68595764e-02  1.51576893e-02
  1.87941659e-02  3.41959000e-02  6.67171404e-02  1.87337697e-02
  8.38162303e-02  4.46905531e-02 -1.21696256e-01  2.68976279e-02
  1.02620795e-01  1.74155429e-01 -2.67771512e-01  3.29559781e-02
  2.10881129e-01 -4.05379600e-04 -1.62406340e-01 -1.29292443e-01
  5.64608211e-03  1.40293851e-01 -7.82274231e-02  8.29305872e-02
 -5.42492233e-02 -7.03891926e-03 -5.99430874e-02 -6.38461933e-02
 -3.30125727e-02 -1.75733685e-01  2.35099811e-02 -4.23363782e-03
  5.93263619e-02  3.56871374e-02 -1.32296667e-01 -1.21046662e-01
  6.54731225e-03  9.95042250e-02 -3.63292992e-02  1.04805395e-01
 -3.58090624e-02  9.59258452e-02 -1.18253075e-01  2.11402804e-01]		[Si]	[ 2.51067337e-02  1.58650577e-01 -1.46642566e-01  2.45177820e-01
 -1.55451652e-02  9.61160362e-02  2.20781371e-01 -2.29192693e-02
 -2.10842684e-01 -6.38897568e-02 -1.16894245e-01  4.44594510e-02
 -3.50829065e-02 -5.82414083e-02 -3.23829390e-02  2.41566878e-02
  4.32572961e-02 -1.78464264e-01 -1.88021928e-01 -5.98108098e-02
 -2.94846576e-02  1.06906943e-01 -6.19897917e-02 -1.65540919e-01
 -4.92053702e-02 -3.53955440e-02 -7.67617673e-02  1.14750504e-01
 -1.69115782e-01 -1.22124344e-01 -5.03326170e-02  1.75476037e-02
 -6.26760349e-02 -6.63173497e-02  4.99508940e-02  8.51147249e-02
  9.12065729e-02 -7.87738115e-02  2.36167163e-02  9.72232968e-02
  1.87884886e-02 -8.70410278e-02  6.26655146e-02  1.04194274e-02
  9.87998117e-03  2.82617342e-02  2.48037167e-02  4.44780588e-02
  2.21637208e-02  2.43954752e-02  9.82598364e-02  3.93599160e-02
 -5.06193824e-02 -5.13455495e-02  5.53672016e-02 -1.33389175e-01
  4.31725085e-02 -1.36333004e-01  9.03360769e-02  7.25088567e-02
  1.33146644e-01 -2.22011954e-01 -6.46554157e-02  4.90890406e-02
  9.00440365e-02  2.87427977e-02  2.29368359e-01  2.80776531e-01
 -3.01394798e-02  1.20326318e-01  1.54480875e-01 -1.25576705e-01
 -1.88002557e-01 -1.08433120e-01  1.00984819e-01 -2.30053253e-02
  1.72368839e-01 -7.31626227e-02  1.92058697e-01  1.67979509e-01
  4.16497998e-02 -1.02259383e-01  4.61972654e-02  1.34963542e-01
 -1.00173548e-01  5.94378544e-05 -1.65318307e-02  1.35415345e-01
  1.09134920e-01 -5.50027676e-02  7.13260248e-02  1.89143233e-02
  9.09033939e-02  6.48575649e-02 -7.73551688e-02  2.26517245e-02
 -6.04098365e-02 -4.76695895e-02 -1.36707827e-01 -7.02535212e-02
 -3.03798523e-02  2.34920811e-03  1.25417812e-02  6.83940426e-02
  1.35472506e-01  1.24593661e-03  7.06715286e-02 -1.07996814e-01
 -9.26328972e-02  2.41110772e-02 -3.39983515e-02  1.64568275e-02
  6.69531152e-02 -1.12648606e-01  8.72856453e-02  3.37928794e-02
  9.75216702e-02  9.63874441e-03  3.97754414e-03 -3.61427069e-02
  1.14682622e-01  1.06524616e-01  4.54400852e-02  3.25479209e-02
  1.03965811e-01  2.90712230e-02  4.24875692e-02  1.91040888e-01]		#	[-8.75069667e-03  8.63929465e-02 -3.55224550e-01  1.23289078e-01
  4.95441221e-02  2.21721217e-01  5.38565777e-02  1.36053583e-04
 -1.77124124e-02  1.48611099e-01 -1.29466921e-01 -5.92731908e-02
 -3.35097797e-02  2.86017489e-02  8.09887499e-02  8.75631347e-02
  2.45255381e-02 -7.74669722e-02 -7.86325708e-02 -4.87757884e-02
  1.28240865e-02  1.86237749e-02 -6.39466420e-02  8.90695862e-03
 -6.80538043e-02 -7.63332024e-02  2.00159363e-02  7.20665837e-03
  1.41712381e-02 -2.06180830e-02 -6.84047341e-02 -9.24981833e-02
  2.88045369e-02 -8.68614614e-02  2.87031326e-02  2.73249447e-02
 -2.54086144e-02  9.15901065e-02 -9.68714431e-02 -7.88373873e-02
  2.83445995e-02 -6.38896078e-02  5.50859757e-02  2.53552701e-02
  9.71542113e-03 -6.83755502e-02 -4.44985814e-02  3.57701518e-02
  7.39521608e-02  3.73557545e-02 -1.27136320e-01  3.31894048e-02
  3.62212583e-02 -8.98260027e-02  2.62359679e-01 -2.43058950e-02
  1.27814442e-01 -4.09403779e-02  3.41366604e-02 -1.24948090e-02
  1.30996043e-02 -1.40222058e-01 -7.94105232e-02 -4.18157540e-02
  1.09545685e-01  6.09031953e-02  2.55659800e-02  1.03055373e-01
 -9.64876488e-02 -2.28058845e-02  1.78494751e-01 -8.02465482e-04
 -1.39230177e-01 -3.97604741e-02  2.66491771e-02 -1.08734637e-01
  8.83017257e-02 -3.25345062e-02  1.91709861e-01  2.19268858e-01
  1.13283910e-01 -1.04356587e-01  2.32398305e-02 -9.07461159e-03
 -5.78240156e-02 -5.62347472e-02  1.60485923e-01  6.08710921e-04
  1.03250742e-01  3.35590262e-03  1.04263425e-01  3.83153260e-02
 -5.47325313e-02 -9.09818988e-03  1.02650568e-01  8.64318088e-02
 -9.36371684e-02  1.09756485e-01 -2.94046521e-01  6.25128150e-02
  8.78556818e-02  3.77993360e-02 -1.23422332e-01 -5.33592813e-02
  2.82915924e-02  1.68883905e-01 -8.30824748e-02  3.57538797e-02
 -1.46133140e-01  9.98787303e-03 -6.09007478e-02 -2.09967978e-02
 -9.61096771e-03 -3.88318039e-02 -1.14960251e-02  1.11586906e-01
  2.42459755e-02  6.19990081e-02 -6.37894322e-04  8.97802636e-02
  1.15426205e-01  4.67974991e-02 -1.58911217e-02  4.16834205e-02
  8.55882689e-02  1.87455133e-01  6.00136817e-02  1.86427608e-01]		